<?xml version="1.0"?>
<opencv_storage>
<calibrated_parameters_file>Write_by_Hongbin_Zhou</calibrated_parameters_file>
<Date>"Sat Dec  7 18:27:44 2019&#x0a;"</Date>
<path>"../../../Assignment1/Camera_B/Model2"</path>
<iamge_files>
  GOPR0271.JPG GOPR0254.JPG GOPR0275.JPG GOPR0253.JPG GOPR0244.JPG</iamge_files>
<K_intrinsics_matrix type_id="opencv-matrix">
  <rows>3</rows>
  <cols>3</cols>
  <dt>d</dt>
  <data>
    1.7707292336365704e+03 0. 2.0779815082708637e+03 0.
    1.7706183797872800e+03 1.5298465154776873e+03 0. 0. 1.</data></K_intrinsics_matrix>
<distorted_coeffients type_id="opencv-matrix">
  <rows>1</rows>
  <cols>5</cols>
  <dt>d</dt>
  <data>
    -2.5239806720967062e-01 6.1729738575570126e-02
    2.4557608341158176e-03 1.3077321817212795e-04 5.2520207612882293e-02</data></distorted_coeffients>
<calibrate_errors>
  <_><total_mse>2.3557610880505916e+01</total_mse>
    <total_rms>4.8536183286807706e+00</total_rms>
    <mean_mse>4.7115221761011830e+00</mean_mse>
    <mean_rms>2.1706041039538237e+00</mean_rms></_></calibrate_errors>
</opencv_storage>
