<?xml version="1.0"?>
<opencv_storage>
<calibrated_parameters_file>Write_by_Hongbin_Zhou</calibrated_parameters_file>
<Date>"Sat Dec  7 19:16:00 2019&#x0a;"</Date>
<path>"../../../Assignment1/Camera_B/Model2"</path>
<iamge_files>
  GOPR0272.JPG GOPR0275.JPG GOPR0265.JPG GOPR0248.JPG GOPR0254.JPG</iamge_files>
<K_intrinsics_matrix type_id="opencv-matrix">
  <rows>3</rows>
  <cols>3</cols>
  <dt>d</dt>
  <data>
    1.7732873396795451e+03 0. 2.0499359461338986e+03 0.
    1.7696663114817090e+03 1.5351840583512912e+03 0. 0. 1.</data></K_intrinsics_matrix>
<distorted_coeffients type_id="opencv-matrix">
  <rows>1</rows>
  <cols>5</cols>
  <dt>d</dt>
  <data>
    -2.8081420486024133e-01 1.3583941725305854e-01
    6.6348913673827019e-04 -2.8558938718161518e-03
    2.0629575695817737e-02</data></distorted_coeffients>
<calibrate_errors>
  <_><total_mse>1.9621708076292027e+01</total_mse>
    <total_rms>4.4296397230804256e+00</total_rms>
    <mean_mse>3.9243416152584052e+00</mean_mse>
    <mean_rms>1.9809951073282350e+00</mean_rms></_></calibrate_errors>
</opencv_storage>
