<?xml version="1.0"?>
<opencv_storage>
<calibrated_parameters_file>Write_by_Hongbin_Zhou</calibrated_parameters_file>
<Date>"Sat Dec  7 19:23:47 2019&#x0a;"</Date>
<path>"../../../Assignment1/Camera_B/Model2"</path>
<iamge_files>
  GOPR0263.JPG GOPR0244.JPG GOPR0260.JPG GOPR0251.JPG GOPR0268.JPG</iamge_files>
<K_intrinsics_matrix type_id="opencv-matrix">
  <rows>3</rows>
  <cols>3</cols>
  <dt>d</dt>
  <data>
    1.7567344164277763e+03 0. 2.0390721596490005e+03 0.
    1.7578657827714123e+03 1.5250569612963195e+03 0. 0. 1.</data></K_intrinsics_matrix>
<distorted_coeffients type_id="opencv-matrix">
  <rows>1</rows>
  <cols>5</cols>
  <dt>d</dt>
  <data>
    -3.2634014778933784e-01 5.5170522742713302e-01
    -4.4456155823769441e-04 -8.4929853613808582e-04
    -8.5956817418010145e-01</data></distorted_coeffients>
<calibrate_errors>
  <_><total_mse>1.9222074553448085e+01</total_mse>
    <total_rms>4.3842986387161273e+00</total_rms>
    <mean_mse>3.8444149106896170e+00</mean_mse>
    <mean_rms>1.9607179579658103e+00</mean_rms></_></calibrate_errors>
</opencv_storage>
