<?xml version="1.0"?>
<opencv_storage>
<calibrated_parameters_file>Write_by_Hongbin_Zhou</calibrated_parameters_file>
<Date>"Sat Dec  7 19:16:25 2019&#x0a;"</Date>
<path>"../../../Assignment1/Camera_B/Model2"</path>
<iamge_files>
  GOPR0257.JPG GOPR0258.JPG GOPR0272.JPG GOPR0259.JPG GOPR0247.JPG</iamge_files>
<K_intrinsics_matrix type_id="opencv-matrix">
  <rows>3</rows>
  <cols>3</cols>
  <dt>d</dt>
  <data>
    1.7787083951594307e+03 0. 2.0432012637491034e+03 0.
    1.7741319936716498e+03 1.5444488253326799e+03 0. 0. 1.</data></K_intrinsics_matrix>
<distorted_coeffients type_id="opencv-matrix">
  <rows>1</rows>
  <cols>5</cols>
  <dt>d</dt>
  <data>
    -3.1908115708723717e-01 3.7713965940993949e-01
    -1.3926638285035675e-04 -3.9443385380393747e-03
    -3.4234744488915780e-01</data></distorted_coeffients>
<calibrate_errors>
  <_><total_mse>1.8547572358278558e+01</total_mse>
    <total_rms>4.3066892572228328e+00</total_rms>
    <mean_mse>3.7095144716557114e+00</mean_mse>
    <mean_rms>1.9260099874236662e+00</mean_rms></_></calibrate_errors>
</opencv_storage>
