<?xml version="1.0"?>
<opencv_storage>
<calibrated_parameters_file>Write_by_Hongbin_Zhou</calibrated_parameters_file>
<Date>"Sat Dec  7 18:28:42 2019&#x0a;"</Date>
<path>"../../../Assignment1/Camera_B/Model2"</path>
<iamge_files>
  GOPR0256.JPG GOPR0255.JPG GOPR0243.JPG GOPR0244.JPG GOPR0242.JPG</iamge_files>
<K_intrinsics_matrix type_id="opencv-matrix">
  <rows>3</rows>
  <cols>3</cols>
  <dt>d</dt>
  <data>
    1.7432617061206809e+03 0. 2.0346569458322108e+03 0.
    1.7421964329490509e+03 1.5603637282122825e+03 0. 0. 1.</data></K_intrinsics_matrix>
<distorted_coeffients type_id="opencv-matrix">
  <rows>1</rows>
  <cols>5</cols>
  <dt>d</dt>
  <data>
    -2.4482668079970610e-01 4.0080557600656708e-02
    2.2656981826069018e-03 -3.0848566706083063e-03
    6.9301585934371190e-02</data></distorted_coeffients>
<calibrate_errors>
  <_><total_mse>2.3270433407820139e+01</total_mse>
    <total_rms>4.8239437608475644e+00</total_rms>
    <mean_mse>4.6540866815640278e+00</mean_mse>
    <mean_rms>2.1573332337782283e+00</mean_rms></_></calibrate_errors>
</opencv_storage>
