<?xml version="1.0"?>
<opencv_storage>
<calibrated_parameters_file>Write_by_Hongbin_Zhou</calibrated_parameters_file>
<Date>"Sat Dec  7 17:42:54 2019&#x0a;"</Date>
<path>"../../../Assignment1/Camera_A/Model1"</path>
<iamge_files>
  GOPR0230.JPG GOPR0199.JPG GOPR0198.JPG GOPR0234.JPG GOPR0206.JPG
  GOPR0217.JPG GOPR0208.JPG GOPR0196.JPG GOPR0238.JPG GOPR0215.JPG
  GOPR0239.JPG GOPR0227.JPG GOPR0233.JPG GOPR0205.JPG GOPR0212.JPG</iamge_files>
<K_intrinsics_matrix type_id="opencv-matrix">
  <rows>3</rows>
  <cols>3</cols>
  <dt>d</dt>
  <data>
    1.5062763057802904e+03 0. 1.2956597591101506e+03 0.
    1.4919366854011889e+03 1.0143919259594185e+03 0. 0. 1.</data></K_intrinsics_matrix>
<distorted_coeffients type_id="opencv-matrix">
  <rows>1</rows>
  <cols>5</cols>
  <dt>d</dt>
  <data>
    -2.8818907779693215e-01 4.2768041425205761e-01
    2.2879186265227085e-04 -2.0699351615925824e-03
    -1.4775690652241236e+00</data></distorted_coeffients>
<calibrate_errors>
  <_><total_mse>6.8592820654060532e+01</total_mse>
    <total_rms>8.2820782810874540e+00</total_rms>
    <mean_mse>4.5728547102707022e+00</mean_mse>
    <mean_rms>2.1384234169758574e+00</mean_rms></_></calibrate_errors>
</opencv_storage>
