<?xml version="1.0"?>
<opencv_storage>
<calibrated_parameters_file>Write_by_Hongbin_Zhou</calibrated_parameters_file>
<Date>"Sat Dec  7 17:48:45 2019&#x0a;"</Date>
<path>"../../../Assignment1/Camera_A/Model1"</path>
<iamge_files>
  GOPR0209.JPG GOPR0196.JPG GOPR0223.JPG GOPR0231.JPG GOPR0238.JPG
  GOPR0233.JPG GOPR0200.JPG GOPR0210.JPG GOPR0205.JPG GOPR0222.JPG
  GOPR0217.JPG GOPR0237.JPG GOPR0203.JPG GOPR0198.JPG GOPR0208.JPG</iamge_files>
<K_intrinsics_matrix type_id="opencv-matrix">
  <rows>3</rows>
  <cols>3</cols>
  <dt>d</dt>
  <data>
    1.5014474525168353e+03 0. 1.2787061282448446e+03 0.
    1.4883169886419528e+03 9.9322250742535573e+02 0. 0. 1.</data></K_intrinsics_matrix>
<distorted_coeffients type_id="opencv-matrix">
  <rows>1</rows>
  <cols>5</cols>
  <dt>d</dt>
  <data>
    -3.2036278249359440e-01 5.4532543601603523e-01
    7.6529904261699651e-04 -2.8349906732593401e-03
    -9.1756295661356568e-01</data></distorted_coeffients>
<calibrate_errors>
  <_><total_mse>5.4233525520151794e+01</total_mse>
    <total_rms>7.3643414858459542e+00</total_rms>
    <mean_mse>3.6155683680101194e+00</mean_mse>
    <mean_rms>1.9014647953643842e+00</mean_rms></_></calibrate_errors>
</opencv_storage>
