<?xml version="1.0"?>
<opencv_storage>
<calibrated_parameters_file>Write_by_Hongbin_Zhou</calibrated_parameters_file>
<Date>"Sat Dec  7 17:43:46 2019&#x0a;"</Date>
<path>"../../../Assignment1/Camera_A/Model1"</path>
<iamge_files>
  GOPR0215.JPG GOPR0203.JPG GOPR0206.JPG GOPR0210.JPG GOPR0198.JPG
  GOPR0223.JPG GOPR0208.JPG GOPR0227.JPG GOPR0200.JPG GOPR0209.JPG
  GOPR0237.JPG GOPR0231.JPG GOPR0238.JPG GOPR0233.JPG GOPR0222.JPG</iamge_files>
<K_intrinsics_matrix type_id="opencv-matrix">
  <rows>3</rows>
  <cols>3</cols>
  <dt>d</dt>
  <data>
    1.4979939427211898e+03 0. 1.2971647783515064e+03 0.
    1.4859519800033688e+03 1.0110483285436095e+03 0. 0. 1.</data></K_intrinsics_matrix>
<distorted_coeffients type_id="opencv-matrix">
  <rows>1</rows>
  <cols>5</cols>
  <dt>d</dt>
  <data>
    -2.9556673246077564e-01 4.3770629788736054e-01
    1.2811793697241264e-03 -1.6386025624100023e-03
    -1.2943633379763426e+00</data></distorted_coeffients>
<calibrate_errors>
  <_><total_mse>6.3080236076532550e+01</total_mse>
    <total_rms>7.9423067226425186e+00</total_rms>
    <mean_mse>4.2053490717688371e+00</mean_mse>
    <mean_rms>2.0506947778177125e+00</mean_rms></_></calibrate_errors>
</opencv_storage>
