<?xml version="1.0"?>
<opencv_storage>
<calibrated_parameters_file>Write_by_Hongbin_Zhou</calibrated_parameters_file>
<Date>"Sat Dec  7 17:47:23 2019&#x0a;"</Date>
<path>"../../../Assignment1/Camera_A/Model1"</path>
<iamge_files>
  GOPR0209.JPG GOPR0223.JPG GOPR0205.JPG GOPR0239.JPG GOPR0234.JPG
  GOPR0222.JPG GOPR0237.JPG GOPR0235.JPG GOPR0210.JPG GOPR0204.JPG
  GOPR0217.JPG GOPR0206.JPG GOPR0201.JPG GOPR0208.JPG GOPR0238.JPG</iamge_files>
<K_intrinsics_matrix type_id="opencv-matrix">
  <rows>3</rows>
  <cols>3</cols>
  <dt>d</dt>
  <data>
    1.4929726640812623e+03 0. 1.2898332498037428e+03 0.
    1.4807475792210616e+03 9.8734748206375752e+02 0. 0. 1.</data></K_intrinsics_matrix>
<distorted_coeffients type_id="opencv-matrix">
  <rows>1</rows>
  <cols>5</cols>
  <dt>d</dt>
  <data>
    -3.1245175415826754e-01 7.9935870309537849e-01
    1.4988846038902484e-03 -2.0510311373460564e-03
    -2.2737165055271911e+00</data></distorted_coeffients>
<calibrate_errors>
  <_><total_mse>4.0568744809638403e+01</total_mse>
    <total_rms>6.3693598430013676e+00</total_rms>
    <mean_mse>2.7045829873092271e+00</mean_mse>
    <mean_rms>1.6445616398631056e+00</mean_rms></_></calibrate_errors>
</opencv_storage>
