<?xml version="1.0"?>
<opencv_storage>
<calibrated_parameters_file>Write_by_Hongbin_Zhou</calibrated_parameters_file>
<Date>"Sat Dec  7 17:44:38 2019&#x0a;"</Date>
<path>"../../../Assignment1/Camera_A/Model1"</path>
<iamge_files>
  GOPR0223.JPG GOPR0215.JPG GOPR0210.JPG GOPR0198.JPG GOPR0235.JPG
  GOPR0234.JPG GOPR0239.JPG GOPR0204.JPG GOPR0209.JPG GOPR0208.JPG
  GOPR0222.JPG GOPR0237.JPG GOPR0228.JPG GOPR0196.JPG GOPR0233.JPG</iamge_files>
<K_intrinsics_matrix type_id="opencv-matrix">
  <rows>3</rows>
  <cols>3</cols>
  <dt>d</dt>
  <data>
    1.4953728407564379e+03 0. 1.2983436973654859e+03 0.
    1.4834783116637761e+03 1.0036730479722609e+03 0. 0. 1.</data></K_intrinsics_matrix>
<distorted_coeffients type_id="opencv-matrix">
  <rows>1</rows>
  <cols>5</cols>
  <dt>d</dt>
  <data>
    -2.7604782204990769e-01 4.4013063135349761e-01
    2.1370470379948035e-03 -2.1469234786323059e-03
    -1.5611386446825275e+00</data></distorted_coeffients>
<calibrate_errors>
  <_><total_mse>5.3493471317769334e+01</total_mse>
    <total_rms>7.3139231140181762e+00</total_rms>
    <mean_mse>3.5662314211846224e+00</mean_mse>
    <mean_rms>1.8884468277355924e+00</mean_rms></_></calibrate_errors>
</opencv_storage>
