<?xml version="1.0"?>
<opencv_storage>
<calibrated_parameters_file>Write_by_Hongbin_Zhou</calibrated_parameters_file>
<Date>"Sat Dec  7 17:48:10 2019&#x0a;"</Date>
<path>"../../../Assignment1/Camera_A/Model1"</path>
<iamge_files>
  GOPR0201.JPG GOPR0235.JPG GOPR0228.JPG GOPR0230.JPG GOPR0200.JPG
  GOPR0209.JPG GOPR0204.JPG GOPR0211.JPG GOPR0227.JPG GOPR0234.JPG
  GOPR0238.JPG GOPR0215.JPG GOPR0208.JPG GOPR0210.JPG GOPR0205.JPG</iamge_files>
<K_intrinsics_matrix type_id="opencv-matrix">
  <rows>3</rows>
  <cols>3</cols>
  <dt>d</dt>
  <data>
    1.5031016032221435e+03 0. 1.3012949505594520e+03 0.
    1.4893780679719096e+03 1.0106226625524421e+03 0. 0. 1.</data></K_intrinsics_matrix>
<distorted_coeffients type_id="opencv-matrix">
  <rows>1</rows>
  <cols>5</cols>
  <dt>d</dt>
  <data>
    -3.5545091126238210e-01 1.1315116419546389e+00
    -3.7862307138681700e-05 -9.5978077380530686e-04
    -3.3299327295427976e+00</data></distorted_coeffients>
<calibrate_errors>
  <_><total_mse>4.7396960383494537e+01</total_mse>
    <total_rms>6.8845450382356086e+00</total_rms>
    <mean_mse>3.1597973588996360e+00</mean_mse>
    <mean_rms>1.7775818852867611e+00</mean_rms></_></calibrate_errors>
</opencv_storage>
