<?xml version="1.0"?>
<opencv_storage>
<calibrated_parameters_file>Write_by_Hongbin_Zhou</calibrated_parameters_file>
<Date>"Sat Dec  7 17:45:11 2019&#x0a;"</Date>
<path>"../../../Assignment1/Camera_A/Model1"</path>
<iamge_files>
  GOPR0201.JPG GOPR0209.JPG GOPR0231.JPG GOPR0200.JPG GOPR0230.JPG
  GOPR0217.JPG GOPR0204.JPG GOPR0203.JPG GOPR0238.JPG GOPR0198.JPG
  GOPR0199.JPG GOPR0222.JPG GOPR0215.JPG GOPR0206.JPG GOPR0227.JPG</iamge_files>
<K_intrinsics_matrix type_id="opencv-matrix">
  <rows>3</rows>
  <cols>3</cols>
  <dt>d</dt>
  <data>
    1.4949510772067313e+03 0. 1.3036300471062762e+03 0.
    1.4823551295480502e+03 1.0049093089857578e+03 0. 0. 1.</data></K_intrinsics_matrix>
<distorted_coeffients type_id="opencv-matrix">
  <rows>1</rows>
  <cols>5</cols>
  <dt>d</dt>
  <data>
    -2.9015824227066128e-01 4.0084017267897359e-01
    3.9273649495813402e-04 -1.4785285169656667e-03
    -1.3465223384286715e+00</data></distorted_coeffients>
<calibrate_errors>
  <_><total_mse>6.8029393328198537e+01</total_mse>
    <total_rms>8.2479932909889389e+00</total_rms>
    <mean_mse>4.5352928885465689e+00</mean_mse>
    <mean_rms>2.1296227103753775e+00</mean_rms></_></calibrate_errors>
</opencv_storage>
