<?xml version="1.0"?>
<opencv_storage>
<calibrated_parameters_file>Write_by_Hongbin_Zhou</calibrated_parameters_file>
<Date>"Sat Dec  7 17:36:26 2019&#x0a;"</Date>
<path>"../../../Assignment1/Camera_A/Model1"</path>
<iamge_files>
  GOPR0228.JPG GOPR0204.JPG GOPR0223.JPG GOPR0215.JPG GOPR0239.JPG
  GOPR0235.JPG GOPR0209.JPG GOPR0212.JPG GOPR0227.JPG GOPR0203.JPG
  GOPR0210.JPG GOPR0206.JPG GOPR0233.JPG GOPR0196.JPG GOPR0217.JPG</iamge_files>
<K_intrinsics_matrix type_id="opencv-matrix">
  <rows>3</rows>
  <cols>3</cols>
  <dt>d</dt>
  <data>
    1.5030183592957660e+03 0. 1.2919379057363651e+03 0.
    1.4911626648174199e+03 1.0043976031158313e+03 0. 0. 1.</data></K_intrinsics_matrix>
<distorted_coeffients type_id="opencv-matrix">
  <rows>1</rows>
  <cols>5</cols>
  <dt>d</dt>
  <data>
    -3.5501910950227911e-01 1.2705696726575111e+00
    1.5860159211966338e-03 -2.1439116553965843e-03
    -3.9165554972816836e+00</data></distorted_coeffients>
<calibrate_errors>
  <_><total_mse>5.0184351583050258e+01</total_mse>
    <total_rms>7.0840914437244713e+00</total_rms>
    <mean_mse>3.3456234388700170e+00</mean_mse>
    <mean_rms>1.8291045456370221e+00</mean_rms></_></calibrate_errors>
</opencv_storage>
