<?xml version="1.0"?>
<opencv_storage>
<calibrated_parameters_file>Write_by_Hongbin_Zhou</calibrated_parameters_file>
<Date>"Sat Dec  7 18:20:22 2019&#x0a;"</Date>
<path>"../../../Assignment1/Camera_A/Model1"</path>
<iamge_files>
  GOPR0203.JPG GOPR0199.JPG GOPR0222.JPG GOPR0196.JPG GOPR0231.JPG</iamge_files>
<K_intrinsics_matrix type_id="opencv-matrix">
  <rows>3</rows>
  <cols>3</cols>
  <dt>d</dt>
  <data>
    1.5134512838603537e+03 0. 1.2475928937062690e+03 0.
    1.4984891144064857e+03 9.9193172676116228e+02 0. 0. 1.</data></K_intrinsics_matrix>
<distorted_coeffients type_id="opencv-matrix">
  <rows>1</rows>
  <cols>5</cols>
  <dt>d</dt>
  <data>
    -4.3259252794620773e-01 1.3358080669704986e+00
    7.7697088462946081e-04 -4.3628883225997721e-03
    -2.5246178887260320e+00</data></distorted_coeffients>
<calibrate_errors>
  <_><total_mse>2.8516723412224870e+01</total_mse>
    <total_rms>5.3401051873745775e+00</total_rms>
    <mean_mse>5.7033446824449738e+00</mean_mse>
    <mean_rms>2.3881676411937613e+00</mean_rms></_></calibrate_errors>
</opencv_storage>
