<?xml version="1.0"?>
<opencv_storage>
<calibrated_parameters_file>Write_by_Hongbin_Zhou</calibrated_parameters_file>
<Date>"Sat Dec  7 18:21:34 2019&#x0a;"</Date>
<path>"../../../Assignment1/Camera_A/Model1"</path>
<iamge_files>
  GOPR0206.JPG GOPR0210.JPG GOPR0205.JPG GOPR0233.JPG GOPR0199.JPG</iamge_files>
<K_intrinsics_matrix type_id="opencv-matrix">
  <rows>3</rows>
  <cols>3</cols>
  <dt>d</dt>
  <data>
    1.5451437908624468e+03 0. 1.2355755868085821e+03 0.
    1.5370677475759021e+03 1.0306082873692919e+03 0. 0. 1.</data></K_intrinsics_matrix>
<distorted_coeffients type_id="opencv-matrix">
  <rows>1</rows>
  <cols>5</cols>
  <dt>d</dt>
  <data>
    -1.9528451505036007e-01 -1.6480944308357743e+00
    -2.7691133194643661e-04 5.2186845578545268e-03
    6.1211841374897951e+00</data></distorted_coeffients>
<calibrate_errors>
  <_><total_mse>1.8852325515976794e+01</total_mse>
    <total_rms>4.3419264751924107e+00</total_rms>
    <mean_mse>3.7704651031953587e+00</mean_mse>
    <mean_rms>1.9417685503672570e+00</mean_rms></_></calibrate_errors>
</opencv_storage>
