<?xml version="1.0"?>
<opencv_storage>
<calibrated_parameters_file>Write_by_Hongbin_Zhou</calibrated_parameters_file>
<Date>"Sat Dec  7 18:19:18 2019&#x0a;"</Date>
<path>"../../../Assignment1/Camera_A/Model1"</path>
<iamge_files>
  GOPR0230.JPG GOPR0234.JPG GOPR0199.JPG GOPR0223.JPG GOPR0233.JPG</iamge_files>
<K_intrinsics_matrix type_id="opencv-matrix">
  <rows>3</rows>
  <cols>3</cols>
  <dt>d</dt>
  <data>
    1.5116074316855954e+03 0. 1.2910575053302819e+03 0.
    1.4981230976091431e+03 1.0205820812349169e+03 0. 0. 1.</data></K_intrinsics_matrix>
<distorted_coeffients type_id="opencv-matrix">
  <rows>1</rows>
  <cols>5</cols>
  <dt>d</dt>
  <data>
    -1.0654205558484617e-01 -1.4508135945203302e+00
    1.5427901933027059e-03 -1.2667985291082977e-03
    3.5243969110582070e+00</data></distorted_coeffients>
<calibrate_errors>
  <_><total_mse>2.1187885113370914e+01</total_mse>
    <total_rms>4.6030299926647134e+00</total_rms>
    <mean_mse>4.2375770226741825e+00</mean_mse>
    <mean_rms>2.0585375932137318e+00</mean_rms></_></calibrate_errors>
</opencv_storage>
