<?xml version="1.0"?>
<opencv_storage>
<calibrated_parameters_file>Write_by_Hongbin_Zhou</calibrated_parameters_file>
<Date>"Sat Dec  7 18:18:04 2019&#x0a;"</Date>
<path>"../../../Assignment1/Camera_A/Model1"</path>
<iamge_files>
  GOPR0215.JPG GOPR0239.JPG GOPR0206.JPG GOPR0222.JPG GOPR0196.JPG</iamge_files>
<K_intrinsics_matrix type_id="opencv-matrix">
  <rows>3</rows>
  <cols>3</cols>
  <dt>d</dt>
  <data>
    1.4908763644258140e+03 0. 1.3039537292145824e+03 0.
    1.4780861310235264e+03 1.0003174008566233e+03 0. 0. 1.</data></K_intrinsics_matrix>
<distorted_coeffients type_id="opencv-matrix">
  <rows>1</rows>
  <cols>5</cols>
  <dt>d</dt>
  <data>
    -2.9641410106070626e-01 5.9688368579211015e-01
    1.1785650235784295e-03 -3.2872013844725584e-03
    -2.0307994459766072e+00</data></distorted_coeffients>
<calibrate_errors>
  <_><total_mse>3.3544092257584751e+01</total_mse>
    <total_rms>5.7917261897973695e+00</total_rms>
    <mean_mse>6.7088184515169500e+00</mean_mse>
    <mean_rms>2.5901386934905530e+00</mean_rms></_></calibrate_errors>
</opencv_storage>
