<?xml version="1.0"?>
<opencv_storage>
<calibrated_parameters_file>Write_by_Hongbin_Zhou</calibrated_parameters_file>
<Date>"Sat Dec  7 18:18:38 2019&#x0a;"</Date>
<path>"../../../Assignment1/Camera_A/Model1"</path>
<iamge_files>
  GOPR0230.JPG GOPR0198.JPG GOPR0223.JPG GOPR0211.JPG GOPR0210.JPG</iamge_files>
<K_intrinsics_matrix type_id="opencv-matrix">
  <rows>3</rows>
  <cols>3</cols>
  <dt>d</dt>
  <data>
    1.4234712564891086e+03 0. 1.3026593326454547e+03 0.
    1.4145556174081623e+03 9.6737227388764234e+02 0. 0. 1.</data></K_intrinsics_matrix>
<distorted_coeffients type_id="opencv-matrix">
  <rows>1</rows>
  <cols>5</cols>
  <dt>d</dt>
  <data>
    -2.9090548987828291e-01 4.4870283046666787e-01
    5.0939291563951153e-03 3.0289061530685843e-03
    -9.4024036923792542e-01</data></distorted_coeffients>
<calibrate_errors>
  <_><total_mse>5.6041147368960083e+00</total_mse>
    <total_rms>2.3673011504445327e+00</total_rms>
    <mean_mse>1.1208229473792017e+00</mean_mse>
    <mean_rms>1.0586892591214865e+00</mean_rms></_></calibrate_errors>
</opencv_storage>
