<?xml version="1.0"?>
<opencv_storage>
<calibrated_parameters_file>Write_by_Hongbin_Zhou</calibrated_parameters_file>
<Date>"Sat Dec  7 18:18:23 2019&#x0a;"</Date>
<path>"../../../Assignment1/Camera_A/Model1"</path>
<iamge_files>
  GOPR0217.JPG GOPR0208.JPG GOPR0211.JPG GOPR0199.JPG GOPR0198.JPG</iamge_files>
<K_intrinsics_matrix type_id="opencv-matrix">
  <rows>3</rows>
  <cols>3</cols>
  <dt>d</dt>
  <data>
    1.4935671213591897e+03 0. 1.3155572956987371e+03 0.
    1.4789476302448993e+03 1.0006975132357853e+03 0. 0. 1.</data></K_intrinsics_matrix>
<distorted_coeffients type_id="opencv-matrix">
  <rows>1</rows>
  <cols>5</cols>
  <dt>d</dt>
  <data>
    -1.5687699760485421e-01 -9.6893392584593740e-01
    -3.6313283855421815e-04 -9.6070558733016160e-06
    2.4488851168350050e+00</data></distorted_coeffients>
<calibrate_errors>
  <_><total_mse>2.1869617003249004e+01</total_mse>
    <total_rms>4.6764962315016358e+00</total_rms>
    <mean_mse>4.3739234006498009e+00</mean_mse>
    <mean_rms>2.0913926940318506e+00</mean_rms></_></calibrate_errors>
</opencv_storage>
