<?xml version="1.0"?>
<opencv_storage>
<calibrated_parameters_file>Write_by_Hongbin_Zhou</calibrated_parameters_file>
<Date>"Sat Dec  7 18:19:40 2019&#x0a;"</Date>
<path>"../../../Assignment1/Camera_A/Model1"</path>
<iamge_files>
  GOPR0235.JPG GOPR0210.JPG GOPR0215.JPG GOPR0198.JPG GOPR0212.JPG</iamge_files>
<K_intrinsics_matrix type_id="opencv-matrix">
  <rows>3</rows>
  <cols>3</cols>
  <dt>d</dt>
  <data>
    1.5262557910119617e+03 0. 1.2908973620946615e+03 0.
    1.5133165814985828e+03 1.0197844810634672e+03 0. 0. 1.</data></K_intrinsics_matrix>
<distorted_coeffients type_id="opencv-matrix">
  <rows>1</rows>
  <cols>5</cols>
  <dt>d</dt>
  <data>
    -4.0149040360491284e-01 1.3038441459162105e+00
    -1.5014331250835348e-03 7.9343976480847627e-04
    -3.7105869608384983e+00</data></distorted_coeffients>
<calibrate_errors>
  <_><total_mse>2.4140089629838865e+01</total_mse>
    <total_rms>4.9132565198490159e+00</total_rms>
    <mean_mse>4.8280179259677727e+00</mean_mse>
    <mean_rms>2.1972751138552891e+00</mean_rms></_></calibrate_errors>
</opencv_storage>
