<?xml version="1.0"?>
<opencv_storage>
<calibrated_parameters_file>Write_by_Hongbin_Zhou</calibrated_parameters_file>
<Date>"Sat Dec  7 18:20:04 2019&#x0a;"</Date>
<path>"../../../Assignment1/Camera_A/Model1"</path>
<iamge_files>
  GOPR0237.JPG GOPR0203.JPG GOPR0199.JPG GOPR0215.JPG GOPR0233.JPG</iamge_files>
<K_intrinsics_matrix type_id="opencv-matrix">
  <rows>3</rows>
  <cols>3</cols>
  <dt>d</dt>
  <data>
    1.4771814475441888e+03 0. 1.3297100615607944e+03 0.
    1.4634159817196303e+03 1.0231151948338013e+03 0. 0. 1.</data></K_intrinsics_matrix>
<distorted_coeffients type_id="opencv-matrix">
  <rows>1</rows>
  <cols>5</cols>
  <dt>d</dt>
  <data>
    -6.6272276026784080e-02 -1.6034834474509956e+00
    1.9953253494300253e-03 -7.0688965001931871e-03
    3.2698622037889340e+00</data></distorted_coeffients>
<calibrate_errors>
  <_><total_mse>3.2556924051527552e+01</total_mse>
    <total_rms>5.7058675108634933e+00</total_rms>
    <mean_mse>6.5113848103055103e+00</mean_mse>
    <mean_rms>2.5517415249796578e+00</mean_rms></_></calibrate_errors>
</opencv_storage>
