<?xml version="1.0"?>
<opencv_storage>
<calibrated_parameters_file>Write_by_Hongbin_Zhou</calibrated_parameters_file>
<Date>"Sat Dec  7 20:12:04 2019&#x0a;"</Date>
<path>"../../../Assignment1/Camera_B/Model2"</path>
<iamge_files>
  GOPR0257.JPG GOPR0259.JPG GOPR0264.JPG GOPR0266.JPG GOPR0254.JPG
  GOPR0261.JPG GOPR0273.JPG GOPR0242.JPG GOPR0241.JPG GOPR0271.JPG
  GOPR0269.JPG GOPR0247.JPG GOPR0253.JPG GOPR0265.JPG GOPR0272.JPG</iamge_files>
<K_intrinsics_matrix type_id="opencv-matrix">
  <rows>3</rows>
  <cols>3</cols>
  <dt>d</dt>
  <data>
    1.7447363097674963e+03 0. 2.0434943166365124e+03 0.
    1.7450409617502503e+03 1.5333415753793697e+03 0. 0. 1.</data></K_intrinsics_matrix>
<distorted_coeffients type_id="opencv-matrix">
  <rows>1</rows>
  <cols>5</cols>
  <dt>d</dt>
  <data>
    -3.1069911680070911e-01 2.5547445194148055e-01
    7.5433032790674624e-04 -7.3242939792865253e-04
    -1.3381837990775183e-01</data></distorted_coeffients>
<calibrate_errors>
  <_><total_mse>1.0976780697012632e+02</total_mse>
    <total_rms>1.0477013265722551e+01</total_rms>
    <mean_mse>7.3178537980084206e+00</mean_mse>
    <mean_rms>2.7051531930758412e+00</mean_rms></_></calibrate_errors>
</opencv_storage>
