<?xml version="1.0"?>
<opencv_storage>
<calibrated_parameters_file>Write_by_Hongbin_Zhou</calibrated_parameters_file>
<Date>"Sat Dec  7 20:06:38 2019&#x0a;"</Date>
<path>"../../../Assignment1/Camera_B/Model2"</path>
<iamge_files>
  GOPR0271.JPG GOPR0258.JPG GOPR0247.JPG GOPR0243.JPG GOPR0259.JPG
  GOPR0251.JPG GOPR0262.JPG GOPR0256.JPG GOPR0254.JPG GOPR0269.JPG
  GOPR0274.JPG GOPR0248.JPG GOPR0272.JPG GOPR0244.JPG GOPR0275.JPG</iamge_files>
<K_intrinsics_matrix type_id="opencv-matrix">
  <rows>3</rows>
  <cols>3</cols>
  <dt>d</dt>
  <data>
    1.7448035343050228e+03 0. 2.0456917594059537e+03 0.
    1.7436619866985761e+03 1.5407891291509377e+03 0. 0. 1.</data></K_intrinsics_matrix>
<distorted_coeffients type_id="opencv-matrix">
  <rows>1</rows>
  <cols>5</cols>
  <dt>d</dt>
  <data>
    -2.8419154463331170e-01 1.9968666133487456e-01
    1.7956886624230462e-03 -1.6938425310035123e-03
    -1.0425283821198231e-01</data></distorted_coeffients>
<calibrate_errors>
  <_><total_mse>8.1798429307062179e+01</total_mse>
    <total_rms>9.0442484102916030e+00</total_rms>
    <mean_mse>5.4532286204708118e+00</mean_mse>
    <mean_rms>2.3352148981348186e+00</mean_rms></_></calibrate_errors>
</opencv_storage>
