<?xml version="1.0"?>
<opencv_storage>
<calibrated_parameters_file>Write_by_Hongbin_Zhou</calibrated_parameters_file>
<Date>"Sat Dec  7 20:20:00 2019&#x0a;"</Date>
<path>"../../../Assignment1/Camera_B/Model2"</path>
<iamge_files>
  GOPR0248.JPG GOPR0273.JPG GOPR0274.JPG GOPR0255.JPG GOPR0276.JPG
  GOPR0253.JPG GOPR0266.JPG GOPR0247.JPG GOPR0271.JPG GOPR0241.JPG
  GOPR0260.JPG GOPR0242.JPG GOPR0251.JPG GOPR0249.JPG GOPR0261.JPG</iamge_files>
<K_intrinsics_matrix type_id="opencv-matrix">
  <rows>3</rows>
  <cols>3</cols>
  <dt>d</dt>
  <data>
    1.7472586754937718e+03 0. 2.0393713653760335e+03 0.
    1.7470270194916354e+03 1.5348815315452939e+03 0. 0. 1.</data></K_intrinsics_matrix>
<distorted_coeffients type_id="opencv-matrix">
  <rows>1</rows>
  <cols>5</cols>
  <dt>d</dt>
  <data>
    -2.8375191768300378e-01 1.8393135466276675e-01
    1.5269143194748187e-03 -2.0761654450626630e-03
    -7.3335318094166060e-02</data></distorted_coeffients>
<calibrate_errors>
  <_><total_mse>1.1450571086878575e+02</total_mse>
    <total_rms>1.0700734127562733e+01</total_rms>
    <mean_mse>7.6337140579190503e+00</mean_mse>
    <mean_rms>2.7629176712162544e+00</mean_rms></_></calibrate_errors>
</opencv_storage>
