<?xml version="1.0"?>
<opencv_storage>
<calibrated_parameters_file>Write_by_Hongbin_Zhou</calibrated_parameters_file>
<Date>"Sat Dec  7 20:21:12 2019&#x0a;"</Date>
<path>"../../../Assignment1/Camera_B/Model2"</path>
<iamge_files>
  GOPR0271.JPG GOPR0274.JPG GOPR0242.JPG GOPR0260.JPG GOPR0265.JPG
  GOPR0268.JPG GOPR0251.JPG GOPR0248.JPG GOPR0258.JPG GOPR0255.JPG
  GOPR0249.JPG GOPR0275.JPG GOPR0263.JPG GOPR0272.JPG GOPR0273.JPG</iamge_files>
<K_intrinsics_matrix type_id="opencv-matrix">
  <rows>3</rows>
  <cols>3</cols>
  <dt>d</dt>
  <data>
    1.7498732869837927e+03 0. 2.0415597601628297e+03 0.
    1.7483982337115658e+03 1.5380967605120845e+03 0. 0. 1.</data></K_intrinsics_matrix>
<distorted_coeffients type_id="opencv-matrix">
  <rows>1</rows>
  <cols>5</cols>
  <dt>d</dt>
  <data>
    -2.8957427764077442e-01 1.7239508906424425e-01
    6.8954458657656894e-04 -1.9032850016355404e-03
    -1.5025556014287485e-02</data></distorted_coeffients>
<calibrate_errors>
  <_><total_mse>8.8267007996405795e+01</total_mse>
    <total_rms>9.3950523147242659e+00</total_rms>
    <mean_mse>5.8844671997603859e+00</mean_mse>
    <mean_rms>2.4257920767783019e+00</mean_rms></_></calibrate_errors>
</opencv_storage>
