<?xml version="1.0"?>
<opencv_storage>
<calibrated_parameters_file>Write_by_Hongbin_Zhou</calibrated_parameters_file>
<Date>"Sat Dec  7 20:09:54 2019&#x0a;"</Date>
<path>"../../../Assignment1/Camera_B/Model2"</path>
<iamge_files>
  GOPR0248.JPG GOPR0269.JPG GOPR0259.JPG GOPR0276.JPG GOPR0266.JPG
  GOPR0263.JPG GOPR0246.JPG GOPR0274.JPG GOPR0251.JPG GOPR0244.JPG
  GOPR0241.JPG GOPR0243.JPG GOPR0272.JPG GOPR0258.JPG GOPR0261.JPG</iamge_files>
<K_intrinsics_matrix type_id="opencv-matrix">
  <rows>3</rows>
  <cols>3</cols>
  <dt>d</dt>
  <data>
    1.7423781610240937e+03 0. 2.0367123949056479e+03 0.
    1.7414661616240337e+03 1.5358705361989903e+03 0. 0. 1.</data></K_intrinsics_matrix>
<distorted_coeffients type_id="opencv-matrix">
  <rows>1</rows>
  <cols>5</cols>
  <dt>d</dt>
  <data>
    -2.8162853455050973e-01 1.8716574740096198e-01
    1.8502092975366438e-03 -1.8049107316025724e-03
    -7.9523428525607301e-02</data></distorted_coeffients>
<calibrate_errors>
  <_><total_mse>8.5670823067116245e+01</total_mse>
    <total_rms>9.2558534488785114e+00</total_rms>
    <mean_mse>5.7113882044744164e+00</mean_mse>
    <mean_rms>2.3898510841628640e+00</mean_rms></_></calibrate_errors>
</opencv_storage>
