<?xml version="1.0"?>
<opencv_storage>
<calibrated_parameters_file>Write_by_Hongbin_Zhou</calibrated_parameters_file>
<Date>"Sat Dec  7 20:08:25 2019&#x0a;"</Date>
<path>"../../../Assignment1/Camera_B/Model2"</path>
<iamge_files>
  GOPR0256.JPG GOPR0248.JPG GOPR0246.JPG GOPR0257.JPG GOPR0254.JPG
  GOPR0261.JPG GOPR0274.JPG GOPR0266.JPG GOPR0264.JPG GOPR0244.JPG
  GOPR0251.JPG GOPR0258.JPG GOPR0270.JPG GOPR0269.JPG GOPR0271.JPG</iamge_files>
<K_intrinsics_matrix type_id="opencv-matrix">
  <rows>3</rows>
  <cols>3</cols>
  <dt>d</dt>
  <data>
    1.7471258811883083e+03 0. 2.0453203248877628e+03 0.
    1.7461188787688686e+03 1.5357863739730560e+03 0. 0. 1.</data></K_intrinsics_matrix>
<distorted_coeffients type_id="opencv-matrix">
  <rows>1</rows>
  <cols>5</cols>
  <dt>d</dt>
  <data>
    -2.8403562668886745e-01 1.7902600978451061e-01
    1.1778588724034829e-03 -3.7220381454370537e-04
    -6.1210860825134952e-02</data></distorted_coeffients>
<calibrate_errors>
  <_><total_mse>7.5485803000008076e+01</total_mse>
    <total_rms>8.6882566145348221e+00</total_rms>
    <mean_mse>5.0323868666672054e+00</mean_mse>
    <mean_rms>2.2432982117113198e+00</mean_rms></_></calibrate_errors>
</opencv_storage>
