<?xml version="1.0"?>
<opencv_storage>
<calibrated_parameters_file>Write_by_Hongbin_Zhou</calibrated_parameters_file>
<Date>"Sat Dec  7 19:39:15 2019&#x0a;"</Date>
<path>"../../../Assignment1/Camera_B/Model2"</path>
<iamge_files>
  GOPR0262.JPG GOPR0263.JPG GOPR0245.JPG GOPR0266.JPG GOPR0241.JPG
  GOPR0254.JPG GOPR0265.JPG GOPR0274.JPG GOPR0258.JPG GOPR0243.JPG</iamge_files>
<K_intrinsics_matrix type_id="opencv-matrix">
  <rows>3</rows>
  <cols>3</cols>
  <dt>d</dt>
  <data>
    1.7524977966430031e+03 0. 2.0449681983490668e+03 0.
    1.7515308892272824e+03 1.5396169655513797e+03 0. 0. 1.</data></K_intrinsics_matrix>
<distorted_coeffients type_id="opencv-matrix">
  <rows>1</rows>
  <cols>5</cols>
  <dt>d</dt>
  <data>
    -2.9268340669167237e-01 2.4997038485170620e-01
    1.8120290754615068e-03 -1.4769410602095483e-03
    -1.6496630416034758e-01</data></distorted_coeffients>
<calibrate_errors>
  <_><total_mse>5.2456206289508067e+01</total_mse>
    <total_rms>7.2426656894756691e+00</total_rms>
    <mean_mse>5.2456206289508067e+00</mean_mse>
    <mean_rms>2.2903319909896922e+00</mean_rms></_></calibrate_errors>
</opencv_storage>
