<?xml version="1.0"?>
<opencv_storage>
<calibrated_parameters_file>Write_by_Hongbin_Zhou</calibrated_parameters_file>
<Date>"Sat Dec  7 19:40:14 2019&#x0a;"</Date>
<path>"../../../Assignment1/Camera_B/Model2"</path>
<iamge_files>
  GOPR0270.JPG GOPR0274.JPG GOPR0256.JPG GOPR0244.JPG GOPR0271.JPG
  GOPR0251.JPG GOPR0264.JPG GOPR0254.JPG GOPR0242.JPG GOPR0263.JPG</iamge_files>
<K_intrinsics_matrix type_id="opencv-matrix">
  <rows>3</rows>
  <cols>3</cols>
  <dt>d</dt>
  <data>
    1.7508263312181459e+03 0. 2.0550873374033317e+03 0.
    1.7508114191464538e+03 1.5406917396924894e+03 0. 0. 1.</data></K_intrinsics_matrix>
<distorted_coeffients type_id="opencv-matrix">
  <rows>1</rows>
  <cols>5</cols>
  <dt>d</dt>
  <data>
    -2.5505439859595275e-01 3.2784215277662204e-02
    1.0127486776198629e-03 1.4852614389797926e-04 1.2180596064514312e-01</data></distorted_coeffients>
<calibrate_errors>
  <_><total_mse>4.6807866573566578e+01</total_mse>
    <total_rms>6.8416274798885812e+00</total_rms>
    <mean_mse>4.6807866573566574e+00</mean_mse>
    <mean_rms>2.1635125738845749e+00</mean_rms></_></calibrate_errors>
</opencv_storage>
