<?xml version="1.0"?>
<opencv_storage>
<calibrated_parameters_file>Write_by_Hongbin_Zhou</calibrated_parameters_file>
<Date>"Sat Dec  7 20:04:36 2019&#x0a;"</Date>
<path>"../../../Assignment1/Camera_B/Model2"</path>
<iamge_files>
  GOPR0272.JPG GOPR0266.JPG GOPR0255.JPG GOPR0249.JPG GOPR0257.JPG
  GOPR0248.JPG GOPR0271.JPG GOPR0245.JPG GOPR0253.JPG GOPR0246.JPG</iamge_files>
<K_intrinsics_matrix type_id="opencv-matrix">
  <rows>3</rows>
  <cols>3</cols>
  <dt>d</dt>
  <data>
    1.7580950580437498e+03 0. 2.0437547328110513e+03 0.
    1.7571747780047201e+03 1.5415919725551269e+03 0. 0. 1.</data></K_intrinsics_matrix>
<distorted_coeffients type_id="opencv-matrix">
  <rows>1</rows>
  <cols>5</cols>
  <dt>d</dt>
  <data>
    -2.9325144860159241e-01 2.2947031736155915e-01
    1.5395302414637905e-03 -1.4413420969768462e-03
    -1.3051737163482816e-01</data></distorted_coeffients>
<calibrate_errors>
  <_><total_mse>5.2495244559211038e+01</total_mse>
    <total_rms>7.2453602090724960e+00</total_rms>
    <mean_mse>5.2495244559211036e+00</mean_mse>
    <mean_rms>2.2911840729022850e+00</mean_rms></_></calibrate_errors>
</opencv_storage>
