<?xml version="1.0"?>
<opencv_storage>
<calibrated_parameters_file>Write_by_Hongbin_Zhou</calibrated_parameters_file>
<Date>"Sat Dec  7 20:43:01 2019&#x0a;"</Date>
<path>"../../../Assignment1/Camera_B/Model2"</path>
<iamge_files>
  GOPR0273.JPG GOPR0249.JPG GOPR0261.JPG GOPR0269.JPG GOPR0262.JPG
  GOPR0258.JPG GOPR0245.JPG GOPR0248.JPG GOPR0259.JPG GOPR0244.JPG
  GOPR0266.JPG GOPR0246.JPG GOPR0260.JPG GOPR0268.JPG GOPR0274.JPG
  GOPR0254.JPG GOPR0251.JPG GOPR0247.JPG GOPR0255.JPG GOPR0242.JPG</iamge_files>
<K_intrinsics_matrix type_id="opencv-matrix">
  <rows>3</rows>
  <cols>3</cols>
  <dt>d</dt>
  <data>
    1.7447239165448000e+03 0. 2.0443976235828018e+03 0.
    1.7442661122200348e+03 1.5382561322236209e+03 0. 0. 1.</data></K_intrinsics_matrix>
<distorted_coeffients type_id="opencv-matrix">
  <rows>1</rows>
  <cols>5</cols>
  <dt>d</dt>
  <data>
    -3.0012127508373831e-01 2.4337851069234931e-01
    1.0595641424795763e-03 -2.0376836412235640e-03
    -1.2519614162037770e-01</data></distorted_coeffients>
<calibrate_errors>
  <_><total_mse>1.3401797313770899e+02</total_mse>
    <total_rms>1.1576613198069158e+01</total_rms>
    <mean_mse>6.7008986568854496e+00</mean_mse>
    <mean_rms>2.5886094060103870e+00</mean_rms></_></calibrate_errors>
</opencv_storage>
