<?xml version="1.0"?>
<opencv_storage>
<calibrated_parameters_file>Write_by_Hongbin_Zhou</calibrated_parameters_file>
<Date>"Sat Dec  7 20:40:32 2019&#x0a;"</Date>
<path>"../../../Assignment1/Camera_B/Model2"</path>
<iamge_files>
  GOPR0254.JPG GOPR0262.JPG GOPR0246.JPG GOPR0272.JPG GOPR0256.JPG
  GOPR0271.JPG GOPR0251.JPG GOPR0253.JPG GOPR0263.JPG GOPR0268.JPG
  GOPR0255.JPG GOPR0243.JPG GOPR0247.JPG GOPR0273.JPG GOPR0241.JPG
  GOPR0249.JPG GOPR0266.JPG GOPR0276.JPG GOPR0258.JPG GOPR0242.JPG</iamge_files>
<K_intrinsics_matrix type_id="opencv-matrix">
  <rows>3</rows>
  <cols>3</cols>
  <dt>d</dt>
  <data>
    1.7453784634791389e+03 0. 2.0438358253325214e+03 0.
    1.7444115105011933e+03 1.5345948538366499e+03 0. 0. 1.</data></K_intrinsics_matrix>
<distorted_coeffients type_id="opencv-matrix">
  <rows>1</rows>
  <cols>5</cols>
  <dt>d</dt>
  <data>
    -2.8332486422311737e-01 2.0274578978734123e-01
    1.5376608778534680e-03 -2.1848492451192400e-03
    -1.0395104114302074e-01</data></distorted_coeffients>
<calibrate_errors>
  <_><total_mse>1.1321948581398466e+02</total_mse>
    <total_rms>1.0640464548786611e+01</total_rms>
    <mean_mse>5.6609742906992331e+00</mean_mse>
    <mean_rms>2.3792802043263488e+00</mean_rms></_></calibrate_errors>
</opencv_storage>
