<?xml version="1.0"?>
<opencv_storage>
<calibrated_parameters_file>Write_by_Hongbin_Zhou</calibrated_parameters_file>
<Date>"Sat Dec  7 20:36:19 2019&#x0a;"</Date>
<path>"../../../Assignment1/Camera_B/Model2"</path>
<iamge_files>
  GOPR0249.JPG GOPR0268.JPG GOPR0270.JPG GOPR0274.JPG GOPR0246.JPG
  GOPR0259.JPG GOPR0262.JPG GOPR0256.JPG GOPR0263.JPG GOPR0271.JPG
  GOPR0253.JPG GOPR0257.JPG GOPR0272.JPG GOPR0273.JPG GOPR0255.JPG
  GOPR0261.JPG GOPR0251.JPG GOPR0260.JPG GOPR0241.JPG GOPR0266.JPG</iamge_files>
<K_intrinsics_matrix type_id="opencv-matrix">
  <rows>3</rows>
  <cols>3</cols>
  <dt>d</dt>
  <data>
    1.7471567535805452e+03 0. 2.0412906242823412e+03 0.
    1.7452437995060397e+03 1.5355450836572638e+03 0. 0. 1.</data></K_intrinsics_matrix>
<distorted_coeffients type_id="opencv-matrix">
  <rows>1</rows>
  <cols>5</cols>
  <dt>d</dt>
  <data>
    -2.9174922772802858e-01 2.2256424197736735e-01
    1.0134338351620125e-03 -1.7256771848850267e-03
    -1.1109953615472856e-01</data></distorted_coeffients>
<calibrate_errors>
  <_><total_mse>1.1633793767510602e+02</total_mse>
    <total_rms>1.0786006567544172e+01</total_rms>
    <mean_mse>5.8168968837553008e+00</mean_mse>
    <mean_rms>2.4118243890787947e+00</mean_rms></_></calibrate_errors>
</opencv_storage>
