<?xml version="1.0"?>
<opencv_storage>
<calibrated_parameters_file>Write_by_Hongbin_Zhou</calibrated_parameters_file>
<Date>"Sat Dec  7 20:34:39 2019&#x0a;"</Date>
<path>"../../../Assignment1/Camera_B/Model2"</path>
<iamge_files>
  GOPR0244.JPG GOPR0242.JPG GOPR0247.JPG GOPR0271.JPG GOPR0269.JPG
  GOPR0270.JPG GOPR0268.JPG GOPR0255.JPG GOPR0258.JPG GOPR0274.JPG
  GOPR0251.JPG GOPR0272.JPG GOPR0257.JPG GOPR0243.JPG GOPR0245.JPG
  GOPR0264.JPG GOPR0273.JPG GOPR0253.JPG GOPR0254.JPG GOPR0275.JPG</iamge_files>
<K_intrinsics_matrix type_id="opencv-matrix">
  <rows>3</rows>
  <cols>3</cols>
  <dt>d</dt>
  <data>
    1.7448526516053776e+03 0. 2.0480041819691996e+03 0.
    1.7442229936125811e+03 1.5391835458472983e+03 0. 0. 1.</data></K_intrinsics_matrix>
<distorted_coeffients type_id="opencv-matrix">
  <rows>1</rows>
  <cols>5</cols>
  <dt>d</dt>
  <data>
    -2.9519309655588777e-01 2.1693134308110443e-01
    1.0199872952883940e-03 -9.0700319769620649e-04
    -1.0624126668201796e-01</data></distorted_coeffients>
<calibrate_errors>
  <_><total_mse>1.3474609624198638e+02</total_mse>
    <total_rms>1.1608018618264978e+01</total_rms>
    <mean_mse>6.7373048120993193e+00</mean_mse>
    <mean_rms>2.5956318714523676e+00</mean_rms></_></calibrate_errors>
</opencv_storage>
