<?xml version="1.0"?>
<opencv_storage>
<calibrated_parameters_file>Write_by_Hongbin_Zhou</calibrated_parameters_file>
<Date>"Sat Dec  7 20:30:14 2019&#x0a;"</Date>
<path>"../../../Assignment1/Camera_B/Model2"</path>
<iamge_files>
  GOPR0262.JPG GOPR0260.JPG GOPR0266.JPG GOPR0255.JPG GOPR0258.JPG
  GOPR0268.JPG GOPR0270.JPG GOPR0274.JPG GOPR0244.JPG GOPR0273.JPG
  GOPR0257.JPG GOPR0246.JPG GOPR0249.JPG GOPR0263.JPG GOPR0264.JPG
  GOPR0248.JPG GOPR0275.JPG GOPR0254.JPG GOPR0243.JPG GOPR0271.JPG</iamge_files>
<K_intrinsics_matrix type_id="opencv-matrix">
  <rows>3</rows>
  <cols>3</cols>
  <dt>d</dt>
  <data>
    1.7502733930389752e+03 0. 2.0464835561306497e+03 0.
    1.7482603752488415e+03 1.5395635965414456e+03 0. 0. 1.</data></K_intrinsics_matrix>
<distorted_coeffients type_id="opencv-matrix">
  <rows>1</rows>
  <cols>5</cols>
  <dt>d</dt>
  <data>
    -2.8770711968651413e-01 2.0011952224720791e-01
    7.8767691732316823e-04 -1.7167855231737695e-03
    -7.8211075933088334e-02</data></distorted_coeffients>
<calibrate_errors>
  <_><total_mse>8.5940859717549742e+01</total_mse>
    <total_rms>9.2704293167873164e+00</total_rms>
    <mean_mse>4.2970429858774875e+00</mean_mse>
    <mean_rms>2.0729310132943373e+00</mean_rms></_></calibrate_errors>
</opencv_storage>
