<?xml version="1.0"?>
<opencv_storage>
<calibrated_parameters_file>Write_by_Hongbin_Zhou</calibrated_parameters_file>
<Date>"Sat Dec  7 21:17:13 2019&#x0a;"</Date>
<path>"../../../Assignment1/Camera_A/Model1"</path>
<iamge_files>
  GOPR0212.JPG GOPR0234.JPG GOPR0206.JPG GOPR0203.JPG GOPR0235.JPG
  GOPR0237.JPG GOPR0196.JPG GOPR0198.JPG GOPR0217.JPG GOPR0230.JPG</iamge_files>
<K_intrinsics_matrix type_id="opencv-matrix">
  <rows>3</rows>
  <cols>3</cols>
  <dt>d</dt>
  <data>
    1.5023506127668934e+03 0. 1.2817046380553463e+03 0.
    1.4895443288276799e+03 9.9427155116267249e+02 0. 0. 1.</data></K_intrinsics_matrix>
<distorted_coeffients type_id="opencv-matrix">
  <rows>1</rows>
  <cols>5</cols>
  <dt>d</dt>
  <data>
    -3.3169360379563401e-01 9.5107969617427490e-01
    1.8997952568429830e-03 -2.9729739359176015e-03
    -2.4868487588227155e+00</data></distorted_coeffients>
<calibrate_errors>
  <_><total_mse>3.2349027414515149e+01</total_mse>
    <total_rms>5.6876205406580302e+00</total_rms>
    <mean_mse>3.2349027414515148e+00</mean_mse>
    <mean_rms>1.7985835375237689e+00</mean_rms></_></calibrate_errors>
</opencv_storage>
