<?xml version="1.0"?>
<opencv_storage>
<calibrated_parameters_file>Write_by_Hongbin_Zhou</calibrated_parameters_file>
<Date>"Sat Dec  7 21:18:30 2019&#x0a;"</Date>
<path>"../../../Assignment1/Camera_A/Model1"</path>
<iamge_files>
  GOPR0204.JPG GOPR0231.JPG GOPR0227.JPG GOPR0198.JPG GOPR0235.JPG
  GOPR0239.JPG GOPR0233.JPG GOPR0217.JPG GOPR0203.JPG GOPR0212.JPG</iamge_files>
<K_intrinsics_matrix type_id="opencv-matrix">
  <rows>3</rows>
  <cols>3</cols>
  <dt>d</dt>
  <data>
    1.5074337371709942e+03 0. 1.2798972923104693e+03 0.
    1.4950346789910113e+03 1.0063294617701054e+03 0. 0. 1.</data></K_intrinsics_matrix>
<distorted_coeffients type_id="opencv-matrix">
  <rows>1</rows>
  <cols>5</cols>
  <dt>d</dt>
  <data>
    -2.9025655535356959e-01 4.6533053022729887e-01
    2.5871736736400894e-03 -2.9207153325174870e-03
    -9.3761682942491842e-01</data></distorted_coeffients>
<calibrate_errors>
  <_><total_mse>3.2932608061217863e+01</total_mse>
    <total_rms>5.7386939333978999e+00</total_rms>
    <mean_mse>3.2932608061217863e+00</mean_mse>
    <mean_rms>1.8147343624127985e+00</mean_rms></_></calibrate_errors>
</opencv_storage>
