<?xml version="1.0"?>
<opencv_storage>
<calibrated_parameters_file>Write_by_Hongbin_Zhou</calibrated_parameters_file>
<Date>"Sat Dec  7 21:17:36 2019&#x0a;"</Date>
<path>"../../../Assignment1/Camera_A/Model1"</path>
<iamge_files>
  GOPR0204.JPG GOPR0231.JPG GOPR0206.JPG GOPR0203.JPG GOPR0198.JPG
  GOPR0199.JPG GOPR0200.JPG GOPR0234.JPG GOPR0209.JPG GOPR0212.JPG</iamge_files>
<K_intrinsics_matrix type_id="opencv-matrix">
  <rows>3</rows>
  <cols>3</cols>
  <dt>d</dt>
  <data>
    1.5140061884957242e+03 0. 1.2744064092863714e+03 0.
    1.5017185146004131e+03 9.9531854103843636e+02 0. 0. 1.</data></K_intrinsics_matrix>
<distorted_coeffients type_id="opencv-matrix">
  <rows>1</rows>
  <cols>5</cols>
  <dt>d</dt>
  <data>
    -4.0848457142443756e-01 1.1437839874662024e+00
    2.9765757177050356e-04 9.4250165186783043e-04
    -2.4634561558468229e+00</data></distorted_coeffients>
<calibrate_errors>
  <_><total_mse>4.1792396361745595e+01</total_mse>
    <total_rms>6.4647038881719556e+00</total_rms>
    <mean_mse>4.1792396361745592e+00</mean_mse>
    <mean_rms>2.0443188685169833e+00</mean_rms></_></calibrate_errors>
</opencv_storage>
