<?xml version="1.0"?>
<opencv_storage>
<calibrated_parameters_file>Write_by_Hongbin_Zhou</calibrated_parameters_file>
<Date>"Sat Dec  7 21:11:47 2019&#x0a;"</Date>
<path>"../../../Assignment1/Camera_A/Model1"</path>
<iamge_files>
  GOPR0231.JPG GOPR0203.JPG GOPR0222.JPG GOPR0227.JPG GOPR0235.JPG
  GOPR0233.JPG GOPR0237.JPG GOPR0230.JPG GOPR0238.JPG GOPR0215.JPG</iamge_files>
<K_intrinsics_matrix type_id="opencv-matrix">
  <rows>3</rows>
  <cols>3</cols>
  <dt>d</dt>
  <data>
    1.4935618071104516e+03 0. 1.3047327610274772e+03 0.
    1.4818202598179682e+03 1.0125304029909103e+03 0. 0. 1.</data></K_intrinsics_matrix>
<distorted_coeffients type_id="opencv-matrix">
  <rows>1</rows>
  <cols>5</cols>
  <dt>d</dt>
  <data>
    -2.5350518706711839e-01 3.5776269101992297e-01
    2.7620807548845603e-03 -3.6874036961847610e-03
    -1.6351887723743737e+00</data></distorted_coeffients>
<calibrate_errors>
  <_><total_mse>5.2716020173548415e+01</total_mse>
    <total_rms>7.2605798786011864e+00</total_rms>
    <mean_mse>5.2716020173548417e+00</mean_mse>
    <mean_rms>2.2959969549968573e+00</mean_rms></_></calibrate_errors>
</opencv_storage>
