<?xml version="1.0"?>
<opencv_storage>
<calibrated_parameters_file>Write_by_Hongbin_Zhou</calibrated_parameters_file>
<Date>"Sat Dec  7 21:03:11 2019&#x0a;"</Date>
<path>"../../../Assignment1/Camera_A/Model1"</path>
<iamge_files>
  GOPR0208.JPG GOPR0201.JPG GOPR0234.JPG GOPR0196.JPG GOPR0204.JPG
  GOPR0210.JPG GOPR0239.JPG GOPR0228.JPG GOPR0238.JPG GOPR0215.JPG</iamge_files>
<K_intrinsics_matrix type_id="opencv-matrix">
  <rows>3</rows>
  <cols>3</cols>
  <dt>d</dt>
  <data>
    1.5037812516757194e+03 0. 1.3170745711844118e+03 0.
    1.4885081000601610e+03 1.0100890814290391e+03 0. 0. 1.</data></K_intrinsics_matrix>
<distorted_coeffients type_id="opencv-matrix">
  <rows>1</rows>
  <cols>5</cols>
  <dt>d</dt>
  <data>
    -2.9540783070817972e-01 6.8708277206255663e-01
    -8.7337695988912590e-04 -1.9421330856438886e-03
    -2.5856093883633373e+00</data></distorted_coeffients>
<calibrate_errors>
  <_><total_mse>4.4594618766859639e+01</total_mse>
    <total_rms>6.6779202426249178e+00</total_rms>
    <mean_mse>4.4594618766859639e+00</mean_mse>
    <mean_rms>2.1117437999638979e+00</mean_rms></_></calibrate_errors>
</opencv_storage>
