<?xml version="1.0"?>
<opencv_storage>
<calibrated_parameters_file>Write_by_Hongbin_Zhou</calibrated_parameters_file>
<Date>"Sat Dec  7 17:57:16 2019&#x0a;"</Date>
<path>"../../../Assignment1/Camera_A/Model1"</path>
<iamge_files>
  GOPR0238.JPG GOPR0205.JPG GOPR0237.JPG GOPR0212.JPG GOPR0230.JPG
  GOPR0198.JPG GOPR0239.JPG GOPR0204.JPG GOPR0208.JPG GOPR0199.JPG
  GOPR0228.JPG GOPR0203.JPG GOPR0233.JPG GOPR0222.JPG GOPR0201.JPG
  GOPR0231.JPG GOPR0227.JPG GOPR0209.JPG GOPR0234.JPG GOPR0217.JPG</iamge_files>
<K_intrinsics_matrix type_id="opencv-matrix">
  <rows>3</rows>
  <cols>3</cols>
  <dt>d</dt>
  <data>
    1.4968621382329791e+03 0. 1.2912311440645451e+03 0.
    1.4844169096649625e+03 1.0030064684942080e+03 0. 0. 1.</data></K_intrinsics_matrix>
<distorted_coeffients type_id="opencv-matrix">
  <rows>1</rows>
  <cols>5</cols>
  <dt>d</dt>
  <data>
    -2.7978783453290168e-01 3.1560327961658607e-01
    1.7993123260150641e-03 -2.0567396333860200e-03
    -7.3397356183046991e-01</data></distorted_coeffients>
<calibrate_errors>
  <_><total_mse>6.6439761533188459e+01</total_mse>
    <total_rms>8.1510589209739166e+00</total_rms>
    <mean_mse>3.3219880766594230e+00</mean_mse>
    <mean_rms>1.8226321835903763e+00</mean_rms></_></calibrate_errors>
</opencv_storage>
