<?xml version="1.0"?>
<opencv_storage>
<calibrated_parameters_file>Write_by_Hongbin_Zhou</calibrated_parameters_file>
<Date>"Sat Dec  7 17:52:16 2019&#x0a;"</Date>
<path>"../../../Assignment1/Camera_A/Model1"</path>
<iamge_files>
  GOPR0233.JPG GOPR0199.JPG GOPR0205.JPG GOPR0201.JPG GOPR0215.JPG
  GOPR0200.JPG GOPR0211.JPG GOPR0208.JPG GOPR0227.JPG GOPR0231.JPG
  GOPR0234.JPG GOPR0209.JPG GOPR0212.JPG GOPR0222.JPG GOPR0203.JPG
  GOPR0198.JPG GOPR0217.JPG GOPR0237.JPG GOPR0239.JPG GOPR0223.JPG</iamge_files>
<K_intrinsics_matrix type_id="opencv-matrix">
  <rows>3</rows>
  <cols>3</cols>
  <dt>d</dt>
  <data>
    1.4968746439786307e+03 0. 1.2988539559860053e+03 0.
    1.4843189966298789e+03 1.0054728574317456e+03 0. 0. 1.</data></K_intrinsics_matrix>
<distorted_coeffients type_id="opencv-matrix">
  <rows>1</rows>
  <cols>5</cols>
  <dt>d</dt>
  <data>
    -2.9949343936854511e-01 4.9169883494537148e-01
    1.5198972342808364e-03 -1.1018728621930156e-03
    -1.4881486149492209e+00</data></distorted_coeffients>
<calibrate_errors>
  <_><total_mse>8.4378527872768856e+01</total_mse>
    <total_rms>9.1857785664998950e+00</total_rms>
    <mean_mse>4.2189263936384425e+00</mean_mse>
    <mean_rms>2.0540025300954334e+00</mean_rms></_></calibrate_errors>
</opencv_storage>
