<?xml version="1.0"?>
<opencv_storage>
<calibrated_parameters_file>Write_by_Hongbin_Zhou</calibrated_parameters_file>
<Date>"Sat Dec  7 17:59:00 2019&#x0a;"</Date>
<path>"../../../Assignment1/Camera_A/Model1"</path>
<iamge_files>
  GOPR0201.JPG GOPR0234.JPG GOPR0212.JPG GOPR0228.JPG GOPR0215.JPG
  GOPR0208.JPG GOPR0196.JPG GOPR0211.JPG GOPR0206.JPG GOPR0209.JPG
  GOPR0238.JPG GOPR0200.JPG GOPR0227.JPG GOPR0237.JPG GOPR0230.JPG
  GOPR0233.JPG GOPR0239.JPG GOPR0231.JPG GOPR0199.JPG GOPR0198.JPG</iamge_files>
<K_intrinsics_matrix type_id="opencv-matrix">
  <rows>3</rows>
  <cols>3</cols>
  <dt>d</dt>
  <data>
    1.5078754551008692e+03 0. 1.2981776401434815e+03 0.
    1.4942556969926161e+03 1.0158099078941883e+03 0. 0. 1.</data></K_intrinsics_matrix>
<distorted_coeffients type_id="opencv-matrix">
  <rows>1</rows>
  <cols>5</cols>
  <dt>d</dt>
  <data>
    -3.1192609165165197e-01 5.8035754957683749e-01
    3.7413416723768516e-04 -8.4202285115868368e-04
    -1.6920554085762287e+00</data></distorted_coeffients>
<calibrate_errors>
  <_><total_mse>7.7092066671388835e+01</total_mse>
    <total_rms>8.7802088056827454e+00</total_rms>
    <mean_mse>3.8546033335694418e+00</mean_mse>
    <mean_rms>1.9633143746148862e+00</mean_rms></_></calibrate_errors>
</opencv_storage>
