<?xml version="1.0"?>
<opencv_storage>
<calibrated_parameters_file>Write_by_Hongbin_Zhou</calibrated_parameters_file>
<Date>"Sat Dec  7 17:51:32 2019&#x0a;"</Date>
<path>"../../../Assignment1/Camera_A/Model1"</path>
<iamge_files>
  GOPR0222.JPG GOPR0196.JPG GOPR0204.JPG GOPR0227.JPG GOPR0205.JPG
  GOPR0201.JPG GOPR0230.JPG GOPR0210.JPG GOPR0206.JPG GOPR0237.JPG
  GOPR0234.JPG GOPR0215.JPG GOPR0223.JPG GOPR0231.JPG GOPR0199.JPG
  GOPR0228.JPG GOPR0209.JPG GOPR0233.JPG GOPR0238.JPG GOPR0211.JPG</iamge_files>
<K_intrinsics_matrix type_id="opencv-matrix">
  <rows>3</rows>
  <cols>3</cols>
  <dt>d</dt>
  <data>
    1.5014693845350191e+03 0. 1.2971286441271059e+03 0.
    1.4885235482119137e+03 1.0094927478242156e+03 0. 0. 1.</data></K_intrinsics_matrix>
<distorted_coeffients type_id="opencv-matrix">
  <rows>1</rows>
  <cols>5</cols>
  <dt>d</dt>
  <data>
    -2.7896410603867983e-01 3.2896547224397360e-01
    8.7969477557551655e-04 -1.3929694951137807e-03
    -1.1113974437597112e+00</data></distorted_coeffients>
<calibrate_errors>
  <_><total_mse>7.2409922812425080e+01</total_mse>
    <total_rms>8.5094020243742783e+00</total_rms>
    <mean_mse>3.6204961406212539e+00</mean_mse>
    <mean_rms>1.9027601374375209e+00</mean_rms></_></calibrate_errors>
</opencv_storage>
