<?xml version="1.0"?>
<opencv_storage>
<calibrated_parameters_file>Write_by_Hongbin_Zhou</calibrated_parameters_file>
<Date>"Sat Dec  7 17:57:52 2019&#x0a;"</Date>
<path>"../../../Assignment1/Camera_A/Model1"</path>
<iamge_files>
  GOPR0222.JPG GOPR0235.JPG GOPR0199.JPG GOPR0196.JPG GOPR0233.JPG
  GOPR0217.JPG GOPR0198.JPG GOPR0230.JPG GOPR0228.JPG GOPR0205.JPG
  GOPR0210.JPG GOPR0215.JPG GOPR0237.JPG GOPR0238.JPG GOPR0200.JPG
  GOPR0201.JPG GOPR0212.JPG GOPR0239.JPG GOPR0223.JPG GOPR0231.JPG</iamge_files>
<K_intrinsics_matrix type_id="opencv-matrix">
  <rows>3</rows>
  <cols>3</cols>
  <dt>d</dt>
  <data>
    1.5003732394786350e+03 0. 1.2968120981203410e+03 0.
    1.4874990993951646e+03 1.0062310191803955e+03 0. 0. 1.</data></K_intrinsics_matrix>
<distorted_coeffients type_id="opencv-matrix">
  <rows>1</rows>
  <cols>5</cols>
  <dt>d</dt>
  <data>
    -3.1255243214475065e-01 6.3522302345264281e-01
    9.8076258790742114e-04 -1.6948915864323072e-03
    -1.8978395904444985e+00</data></distorted_coeffients>
<calibrate_errors>
  <_><total_mse>8.4377257016021758e+01</total_mse>
    <total_rms>9.1857093910063234e+00</total_rms>
    <mean_mse>4.2188628508010879e+00</mean_mse>
    <mean_rms>2.0539870619848335e+00</mean_rms></_></calibrate_errors>
</opencv_storage>
