<?xml version="1.0"?>
<opencv_storage>
<calibrated_parameters_file>Write_by_Hongbin_Zhou</calibrated_parameters_file>
<Date>"Sat Dec  7 18:01:14 2019&#x0a;"</Date>
<path>"../../../Assignment1/Camera_A/Model1"</path>
<iamge_files>
  GOPR0217.JPG GOPR0235.JPG GOPR0233.JPG GOPR0209.JPG GOPR0210.JPG
  GOPR0206.JPG GOPR0237.JPG GOPR0215.JPG GOPR0204.JPG GOPR0208.JPG
  GOPR0239.JPG GOPR0227.JPG GOPR0228.JPG GOPR0201.JPG GOPR0238.JPG
  GOPR0205.JPG GOPR0234.JPG GOPR0196.JPG GOPR0212.JPG GOPR0222.JPG</iamge_files>
<K_intrinsics_matrix type_id="opencv-matrix">
  <rows>3</rows>
  <cols>3</cols>
  <dt>d</dt>
  <data>
    1.4983141527552932e+03 0. 1.2945503691573713e+03 0.
    1.4856957008576317e+03 1.0033080906352285e+03 0. 0. 1.</data></K_intrinsics_matrix>
<distorted_coeffients type_id="opencv-matrix">
  <rows>1</rows>
  <cols>5</cols>
  <dt>d</dt>
  <data>
    -3.3393066427560225e-01 1.0259318521144642e+00
    1.5246587340146146e-03 -2.5233680370876158e-03
    -3.1231324844463817e+00</data></distorted_coeffients>
<calibrate_errors>
  <_><total_mse>7.3914268288431515e+01</total_mse>
    <total_rms>8.5973407684255196e+00</total_rms>
    <mean_mse>3.6957134144215757e+00</mean_mse>
    <mean_rms>1.9224238383929741e+00</mean_rms></_></calibrate_errors>
</opencv_storage>
