<?xml version="1.0"?>
<opencv_storage>
<calibrated_parameters_file>Write_by_Hongbin_Zhou</calibrated_parameters_file>
<Date>"Sat Dec  7 18:00:34 2019&#x0a;"</Date>
<path>"../../../Assignment1/Camera_A/Model1"</path>
<iamge_files>
  GOPR0201.JPG GOPR0196.JPG GOPR0206.JPG GOPR0212.JPG GOPR0228.JPG
  GOPR0230.JPG GOPR0199.JPG GOPR0215.JPG GOPR0200.JPG GOPR0231.JPG
  GOPR0205.JPG GOPR0209.JPG GOPR0234.JPG GOPR0211.JPG GOPR0233.JPG
  GOPR0235.JPG GOPR0239.JPG GOPR0217.JPG GOPR0204.JPG GOPR0223.JPG</iamge_files>
<K_intrinsics_matrix type_id="opencv-matrix">
  <rows>3</rows>
  <cols>3</cols>
  <dt>d</dt>
  <data>
    1.5057420951595980e+03 0. 1.2961642935449263e+03 0.
    1.4924007930880987e+03 1.0081480543880929e+03 0. 0. 1.</data></K_intrinsics_matrix>
<distorted_coeffients type_id="opencv-matrix">
  <rows>1</rows>
  <cols>5</cols>
  <dt>d</dt>
  <data>
    -3.3516477585696086e-01 8.5400765123066569e-01
    7.1612019058461536e-04 -9.3027347551823385e-04
    -2.4990873171399772e+00</data></distorted_coeffients>
<calibrate_errors>
  <_><total_mse>7.3278719560961093e+01</total_mse>
    <total_rms>8.5602990345525374e+00</total_rms>
    <mean_mse>3.6639359780480545e+00</mean_mse>
    <mean_rms>1.9141410548985294e+00</mean_rms></_></calibrate_errors>
</opencv_storage>
