<?xml version="1.0"?>
<opencv_storage>
<calibrated_parameters_file>Write_by_Hongbin_Zhou</calibrated_parameters_file>
<Date>"Sat Dec  7 17:50:44 2019&#x0a;"</Date>
<path>"../../../Assignment1/Camera_A/Model1"</path>
<iamge_files>
  GOPR0210.JPG GOPR0231.JPG GOPR0230.JPG GOPR0234.JPG GOPR0233.JPG
  GOPR0201.JPG GOPR0203.JPG GOPR0212.JPG GOPR0238.JPG GOPR0227.JPG
  GOPR0239.JPG GOPR0208.JPG GOPR0199.JPG GOPR0215.JPG GOPR0228.JPG
  GOPR0237.JPG GOPR0205.JPG GOPR0217.JPG GOPR0206.JPG GOPR0223.JPG</iamge_files>
<K_intrinsics_matrix type_id="opencv-matrix">
  <rows>3</rows>
  <cols>3</cols>
  <dt>d</dt>
  <data>
    1.5055661663095725e+03 0. 1.3000784554065337e+03 0.
    1.4919779391513052e+03 1.0165164702826665e+03 0. 0. 1.</data></K_intrinsics_matrix>
<distorted_coeffients type_id="opencv-matrix">
  <rows>1</rows>
  <cols>5</cols>
  <dt>d</dt>
  <data>
    -2.6578635673174078e-01 2.9105517232636358e-01
    8.3592327977402125e-04 -1.4518063538921410e-03
    -1.2073199966488612e+00</data></distorted_coeffients>
<calibrate_errors>
  <_><total_mse>7.1425065625284319e+01</total_mse>
    <total_rms>8.4513351386206619e+00</total_rms>
    <mean_mse>3.5712532812642159e+00</mean_mse>
    <mean_rms>1.8897759870588409e+00</mean_rms></_></calibrate_errors>
</opencv_storage>
