<?xml version="1.0"?>
<opencv_storage>
<calibrated_parameters_file>Write_by_Hongbin_Zhou</calibrated_parameters_file>
<Date>"Sat Dec  7 17:52:56 2019&#x0a;"</Date>
<path>"../../../Assignment1/Camera_A/Model1"</path>
<iamge_files>
  GOPR0239.JPG GOPR0233.JPG GOPR0196.JPG GOPR0222.JPG GOPR0223.JPG
  GOPR0228.JPG GOPR0212.JPG GOPR0206.JPG GOPR0209.JPG GOPR0199.JPG
  GOPR0203.JPG GOPR0234.JPG GOPR0217.JPG GOPR0235.JPG GOPR0205.JPG
  GOPR0215.JPG GOPR0204.JPG GOPR0231.JPG GOPR0210.JPG GOPR0227.JPG</iamge_files>
<K_intrinsics_matrix type_id="opencv-matrix">
  <rows>3</rows>
  <cols>3</cols>
  <dt>d</dt>
  <data>
    1.4967422600077118e+03 0. 1.2934466949746261e+03 0.
    1.4845956048995245e+03 1.0040276497693441e+03 0. 0. 1.</data></K_intrinsics_matrix>
<distorted_coeffients type_id="opencv-matrix">
  <rows>1</rows>
  <cols>5</cols>
  <dt>d</dt>
  <data>
    -3.0836461043967761e-01 7.2668198273765194e-01
    1.9302807466790620e-03 -2.0711845372763517e-03
    -2.2459272478777983e+00</data></distorted_coeffients>
<calibrate_errors>
  <_><total_mse>7.7231802822963800e+01</total_mse>
    <total_rms>8.7881626534198709e+00</total_rms>
    <mean_mse>3.8615901411481901e+00</mean_mse>
    <mean_rms>1.9650929090371758e+00</mean_rms></_></calibrate_errors>
</opencv_storage>
