<?xml version="1.0"?>
<opencv_storage>
<calibrated_parameters_file>Write_by_Hongbin_Zhou</calibrated_parameters_file>
<Date>"Sat Dec  7 17:26:10 2019&#x0a;"</Date>
<path>"../../../Assignment1/Camera_A/Model1"</path>
<iamge_files>
  GOPR0199.JPG GOPR0200.JPG GOPR0206.JPG GOPR0203.JPG GOPR0237.JPG
  GOPR0211.JPG GOPR0239.JPG GOPR0230.JPG GOPR0209.JPG GOPR0235.JPG</iamge_files>
<K_intrinsics_matrix type_id="opencv-matrix">
  <rows>3</rows>
  <cols>3</cols>
  <dt>d</dt>
  <data>
    1.4976355253771662e+03 0. 1.2981800551683723e+03 0.
    1.4858150139215325e+03 1.0016653000513891e+03 0. 0. 1.</data></K_intrinsics_matrix>
<distorted_coeffients type_id="opencv-matrix">
  <rows>1</rows>
  <cols>5</cols>
  <dt>d</dt>
  <data>
    -4.0067710367714138e-01 1.6193519236533751e+00
    1.1183932773975197e-03 -5.2419192125207161e-04
    -4.9591187300031976e+00</data></distorted_coeffients>
<calibrate_errors>
  <_><total_mse>2.9205445497296751e+01</total_mse>
    <total_rms>5.4042062781963409e+00</total_rms>
    <mean_mse>2.9205445497296751e+00</mean_mse>
    <mean_rms>1.7089600784481993e+00</mean_rms></_></calibrate_errors>
</opencv_storage>
