<?xml version="1.0"?>
<opencv_storage>
<calibrated_parameters_file>Write_by_Hongbin_Zhou</calibrated_parameters_file>
<Date>"Sat Dec  7 17:24:53 2019&#x0a;"</Date>
<path>"../../../Assignment1/Camera_A/Model1"</path>
<iamge_files>
  GOPR0211.JPG GOPR0237.JPG GOPR0223.JPG GOPR0196.JPG GOPR0228.JPG
  GOPR0234.JPG GOPR0239.JPG GOPR0206.JPG GOPR0205.JPG GOPR0215.JPG</iamge_files>
<K_intrinsics_matrix type_id="opencv-matrix">
  <rows>3</rows>
  <cols>3</cols>
  <dt>d</dt>
  <data>
    1.5047152241958265e+03 0. 1.3010200965316533e+03 0.
    1.4911030734472856e+03 1.0092963003358933e+03 0. 0. 1.</data></K_intrinsics_matrix>
<distorted_coeffients type_id="opencv-matrix">
  <rows>1</rows>
  <cols>5</cols>
  <dt>d</dt>
  <data>
    -2.8272629594334003e-01 4.9725867242640387e-01
    4.6186222135626302e-04 -8.4572485747626920e-04
    -1.8510349911560791e+00</data></distorted_coeffients>
<calibrate_errors>
  <_><total_mse>3.1992468251070633e+01</total_mse>
    <total_rms>5.6561884914729132e+00</total_rms>
    <mean_mse>3.1992468251070632e+00</mean_mse>
    <mean_rms>1.7886438508286280e+00</mean_rms></_></calibrate_errors>
</opencv_storage>
