<?xml version="1.0"?>
<opencv_storage>
<calibrated_parameters_file>Write_by_Hongbin_Zhou</calibrated_parameters_file>
<Date>"Sat Dec  7 17:19:22 2019&#x0a;"</Date>
<path>"../../../Assignment1/Camera_A/Model1"</path>
<iamge_files>
  GOPR0196.JPG GOPR0212.JPG GOPR0199.JPG GOPR0209.JPG GOPR0203.JPG
  GOPR0227.JPG GOPR0206.JPG GOPR0215.JPG GOPR0205.JPG GOPR0234.JPG</iamge_files>
<K_intrinsics_matrix type_id="opencv-matrix">
  <rows>3</rows>
  <cols>3</cols>
  <dt>d</dt>
  <data>
    1.5095015029095164e+03 0. 1.2916028007113280e+03 0.
    1.4957242563094953e+03 1.0111224081971616e+03 0. 0. 1.</data></K_intrinsics_matrix>
<distorted_coeffients type_id="opencv-matrix">
  <rows>1</rows>
  <cols>5</cols>
  <dt>d</dt>
  <data>
    -3.7454012596328090e-01 1.1694202889864174e+00
    -3.7912643579517520e-04 -1.4874874761087043e-03
    -3.3943078388080759e+00</data></distorted_coeffients>
<calibrate_errors>
  <_><total_mse>4.7267662186602443e+01</total_mse>
    <total_rms>6.8751481574292228e+00</total_rms>
    <mean_mse>4.7267662186602442e+00</mean_mse>
    <mean_rms>2.1741127428586227e+00</mean_rms></_></calibrate_errors>
</opencv_storage>
