<?xml version="1.0"?>
<opencv_storage>
<calibrated_parameters_file>Write_by_Hongbin_Zhou</calibrated_parameters_file>
<Date>"Sat Dec  7 17:10:34 2019&#x0a;"</Date>
<path>"../../../Assignment1/Camera_A/Model1"</path>
<iamge_files>
  GOPR0230.JPG GOPR0231.JPG GOPR0210.JPG GOPR0200.JPG GOPR0227.JPG
  GOPR0238.JPG GOPR0215.JPG GOPR0223.JPG GOPR0198.JPG GOPR0199.JPG</iamge_files>
<K_intrinsics_matrix type_id="opencv-matrix">
  <rows>3</rows>
  <cols>3</cols>
  <dt>d</dt>
  <data>
    1.5083000040830095e+03 0. 1.3059389442009772e+03 0.
    1.4943180389008530e+03 1.0208451159226528e+03 0. 0. 1.</data></K_intrinsics_matrix>
<distorted_coeffients type_id="opencv-matrix">
  <rows>1</rows>
  <cols>5</cols>
  <dt>d</dt>
  <data>
    -2.4012789159425268e-01 -1.6326660614805366e-01
    -9.0510514053614480e-04 -8.0926654673059623e-04
    1.1451612030739190e-01</data></distorted_coeffients>
<calibrate_errors>
  <_><total_mse>4.5307841178243208e+01</total_mse>
    <total_rms>6.7311099514302404e+00</total_rms>
    <mean_mse>4.5307841178243207e+00</mean_mse>
    <mean_rms>2.1285638627544912e+00</mean_rms></_></calibrate_errors>
</opencv_storage>
