<?xml version="1.0"?>
<opencv_storage>
<calibrated_parameters_file>Write_by_Hongbin_Zhou</calibrated_parameters_file>
<Date>"Sat Dec  7 17:18:31 2019&#x0a;"</Date>
<path>"../../../Assignment1/Camera_A/Model1"</path>
<iamge_files>
  GOPR0198.JPG GOPR0222.JPG GOPR0239.JPG GOPR0223.JPG GOPR0234.JPG
  GOPR0208.JPG GOPR0210.JPG GOPR0217.JPG GOPR0204.JPG GOPR0200.JPG</iamge_files>
<K_intrinsics_matrix type_id="opencv-matrix">
  <rows>3</rows>
  <cols>3</cols>
  <dt>d</dt>
  <data>
    1.4808046116842045e+03 0. 1.2877770370004553e+03 0.
    1.4693323690635227e+03 9.8151046571890868e+02 0. 0. 1.</data></K_intrinsics_matrix>
<distorted_coeffients type_id="opencv-matrix">
  <rows>1</rows>
  <cols>5</cols>
  <dt>d</dt>
  <data>
    -3.1076611424675576e-01 7.1504355794770869e-01
    2.4417087689081437e-03 -5.6463131308610024e-04
    -2.0173063988427478e+00</data></distorted_coeffients>
<calibrate_errors>
  <_><total_mse>3.5874059245630633e+01</total_mse>
    <total_rms>5.9894957421831956e+00</total_rms>
    <mean_mse>3.5874059245630634e+00</mean_mse>
    <mean_rms>1.8940448581179548e+00</mean_rms></_></calibrate_errors>
</opencv_storage>
