<?xml version="1.0"?>
<opencv_storage>
<calibrated_parameters_file>Write_by_Hongbin_Zhou</calibrated_parameters_file>
<Date>"Sat Dec  7 17:25:24 2019&#x0a;"</Date>
<path>"../../../Assignment1/Camera_A/Model1"</path>
<iamge_files>
  GOPR0198.JPG GOPR0209.JPG GOPR0234.JPG GOPR0196.JPG GOPR0215.JPG
  GOPR0212.JPG GOPR0230.JPG GOPR0210.JPG GOPR0206.JPG GOPR0231.JPG</iamge_files>
<K_intrinsics_matrix type_id="opencv-matrix">
  <rows>3</rows>
  <cols>3</cols>
  <dt>d</dt>
  <data>
    1.5049047961903864e+03 0. 1.3057733544277510e+03 0.
    1.4906631072956293e+03 1.0102981984210626e+03 0. 0. 1.</data></K_intrinsics_matrix>
<distorted_coeffients type_id="opencv-matrix">
  <rows>1</rows>
  <cols>5</cols>
  <dt>d</dt>
  <data>
    -3.5035761531367610e-01 9.5619984360072507e-01
    8.2412251059993104e-05 -6.7270422367408944e-04
    -2.6787730776761243e+00</data></distorted_coeffients>
<calibrate_errors>
  <_><total_mse>3.5523634324121907e+01</total_mse>
    <total_rms>5.9601706623319020e+00</total_rms>
    <mean_mse>3.5523634324121907e+00</mean_mse>
    <mean_rms>1.8847714536283147e+00</mean_rms></_></calibrate_errors>
</opencv_storage>
