<?xml version="1.0"?>
<opencv_storage>
<calibrated_parameters_file>Write_by_Hongbin_Zhou</calibrated_parameters_file>
<Date>"Sat Dec  7 17:16:46 2019&#x0a;"</Date>
<path>"../../../Assignment1/Camera_A/Model1"</path>
<iamge_files>
  GOPR0201.JPG GOPR0203.JPG GOPR0235.JPG GOPR0227.JPG GOPR0231.JPG
  GOPR0233.JPG GOPR0217.JPG GOPR0198.JPG GOPR0211.JPG GOPR0212.JPG</iamge_files>
<K_intrinsics_matrix type_id="opencv-matrix">
  <rows>3</rows>
  <cols>3</cols>
  <dt>d</dt>
  <data>
    1.5029216839689773e+03 0. 1.2868972327062090e+03 0.
    1.4908634908906963e+03 1.0023206861212193e+03 0. 0. 1.</data></K_intrinsics_matrix>
<distorted_coeffients type_id="opencv-matrix">
  <rows>1</rows>
  <cols>5</cols>
  <dt>d</dt>
  <data>
    -3.2030030651133046e-01 6.1037272559875622e-01
    1.8275428552206074e-03 -1.5152320489348844e-03
    -1.2514156716493945e+00</data></distorted_coeffients>
<calibrate_errors>
  <_><total_mse>2.8457077941197593e+01</total_mse>
    <total_rms>5.3345175921724728e+00</total_rms>
    <mean_mse>2.8457077941197593e+00</mean_mse>
    <mean_rms>1.6869225809502222e+00</mean_rms></_></calibrate_errors>
</opencv_storage>
